,0,1,2,3,4,5,6,7,8,9,10,11,12,13,14,15,16,17
0,3353.090909090909,3091.712707182321,3300.373831775701,3429.6551724137926,3361.1363636363635,3525.486725663717,4519.565217391304,3548.4615384615386,3172.7884615384614,3112.48,2909.813664596273,3431.4772727272725,3097.0454545454545,2655.6701030927834,2661.0191082802553,3527.123287671233,1939.869281045752,153.33333333333334
1,1849.5652173913047,1854.166666666667,1946.1904761904761,1994.1626794258375,2143.165467625899,2149.7890295358648,1977.7435897435894,1937.3786407766988,2120.796460176992,2332.1481481481487,1875.764705882353,1947.816091954023,2464.842105263158,1903.4108527131784,2461.375661375661,2813.4848484848485,2200.0,2104.3971631205677
2,2955.4347826086955,3818.527607361963,2780.105263157894,3083.534883720931,2538.0124223602484,2794.4954128440368,3035.8454106280187,2552.063492063492,2461.8390804597707,2402.328767123288,2456.96,2458.967136150234,2427.826086956521,2312.760736196319,2561.7630853994488,4379.2307692307695,2725.1,2228.6776859504134
3,2205.2380952380954,2077.435897435897,2275.4482758620693,2075.115207373272,2041.366459627329,1965.3271028037384,2695.5080213903743,1775.0,1961.9259259259256,1732.3809523809525,1710.6870229007636,1845.0,1973.211009174312,1874.4370860927152,2090.4029304029305,2803.414634146341,2142.7807486631023,1833.0049261083745
4,1575.6626506024093,1516.2874251497005,1453.943661971831,1597.3205741626791,1557.7922077922076,1401.8181818181818,1953.9130434782608,1497.1910112359549,1532.3076923076926,1623.6496350364966,1661.6161616161614,1604.0259740259742,1467.9194630872482,1508.1632653061224,1620.4615384615383,6764.645161290324,1475.5172413793102,1469.0052356020942
5,1167.2727272727273,1229.142857142857,1515.7142857142858,1354.6,1395.0344827586207,1219.7905759162304,1391.8232044198896,1394.1520467836258,1260.857142857143,1210.8527131782946,1260.3703703703704,1230.0719424460428,1235.2941176470588,1257.2661870503598,1408.3229813664593,2639.346405228758,1236.9662921348315,1330.854271356784
6,978.2926829268292,965.0537634408603,922.0,919.8190045248867,951.4285714285713,1086.9268292682927,1305.4421768707482,963.1578947368421,1005.217391304348,1095.7142857142858,1035.4237288135594,963.0075187969924,928.3760683760685,928.8888888888887,1083.3922261484101,2513.513513513513,1260.0,1080.878048780488
7,1650.2222222222224,1778.6740331491712,1516.7883211678834,1402.9383886255926,1429.8113207547171,1783.0434782608695,1900.5263157894735,1423.548387096774,1385.4437869822486,1376.5079365079364,1425.7391304347825,1187.9338842975208,1162.2222222222224,1199.8717948717951,1258.422712933754,3165.070422535212,1427.4468085106382,1338.75
8,1198.9473684210527,1423.9195979899496,1330.2898550724638,1050.6666666666667,1455.5688622754492,1154.1232227488154,1246.4102564102566,996.7567567567568,1026.7045454545455,1364.0,1298.095238095238,1117.076923076923,1201.8461538461538,1120.9032258064515,1093.7106918238994,4471.633986928105,1162.3391812865498,1236.3228699551566
9,1483.5955056179776,2164.6376811594205,1597.7631578947367,1204.403669724771,997.548387096774,1070.6796116504854,1155.4010695187167,1126.3541666666667,1191.2690355329946,1260.9859154929575,1314.8148148148148,1080.6060606060603,1250.4827586206898,1078.0368098159508,1154.2666666666667,2805.590062111801,1361.010101010101,1252.463768115942
10,3445.25,3187.5531914893622,3051.8881118881122,3245.0678733031677,3378.616352201258,3964.977375565611,4248.666666666667,4502.4,4724.761904761905,4041.666666666666,4343.092783505153,4579.88888888889,4775.838926174497,4914.875,5074.474708171208,5320.261437908497,4812.655367231639,5169.658536585366
